1675217144536 23.171201705932617 0
1675217144602 22.958303451538086 1
1675217144667 22.739730834960938 2
1675217144733 22.480079650878906 3
1675217144786 22.165056228637695 4
1675217144843 21.74386215209961 5
1675217144891 21.191755294799805 6
1675217144941 20.494245529174805 7
1675217145017 19.59668731689453 8
1675217145067 18.508525848388672 9
1675217145112 17.171463012695312 10
1675217145161 15.623170852661133 11
1675217145221 13.894353866577148 12
1675217145286 12.046627044677734 13
1675217145369 10.216523170471191 14
1675217145415 8.494641304016113 15
1675217145456 7.106638431549072 16
1675217145506 6.038948059082031 17
1675217145557 5.187428951263428 18
1675217145615 4.642095565795898 19
1675217145662 4.2535295486450195 20
1675217145718 4.048889636993408 21
1675217145784 3.9170477390289307 22
1675217145838 3.8168046474456787 23
1675217145904 3.684354305267334 24
1675217145958 3.6742634773254395 25
1675217146028 3.655331611633301 26
1675217146081 3.5361745357513428 27
1675217146132 3.454448938369751 28
1675217146177 3.4384241104125977 29
1675217146234 3.37335205078125 30
1675217146278 3.3455443382263184 31
1675217146321 3.321188449859619 32
1675217146364 3.3138267993927 33
1675217146435 3.2828140258789062 34
1675217146512 3.27252459526062 35
1675217146569 3.2661852836608887 36
1675217146621 3.2438666820526123 37
1675217146668 3.2666802406311035 38
1675217146715 3.1735646724700928 39
1675217146764 3.206824779510498 40
1675217146818 3.172349691390991 41
1675217146887 3.1922543048858643 42
1675217146951 3.1646015644073486 43
1675217147007 3.215672492980957 44
1675217147069 3.1487185955047607 45
1675217147164 3.1389377117156982 46
1675217147223 3.1429636478424072 47
1675217147289 3.139012098312378 48
1675217147335 3.1009321212768555 49
1675217147380 3.0834970474243164 50
1675217147423 3.056788682937622 51
1675217147466 3.038618326187134 52
1675217147508 3.0479209423065186 53
1675217147553 3.0067741870880127 54
1675217147597 2.9919888973236084 55
1675217147639 2.9981815814971924 56
1675217147681 2.9800620079040527 57
1675217147722 2.999695062637329 58
1675217147762 2.9390411376953125 59
1675217147808 2.9286162853240967 60
1675217147856 2.924206495285034 61
1675217147897 2.919800043106079 62
1675217147946 2.900589942932129 63
1675217148003 2.871586322784424 64
1675217148053 2.8627426624298096 65
1675217148106 2.8467612266540527 66
1675217148148 2.8892669677734375 67
1675217148188 2.8925890922546387 68
1675217148231 2.844210147857666 69
1675217148273 2.80047345161438 70
1675217148325 2.8721556663513184 71
1675217148379 2.8231918811798096 72
1675217148509 2.8207056522369385 73
1675217148652 2.783799409866333 74
1675217148719 2.7516376972198486 75
1675217148786 2.7256274223327637 76
1675217148867 2.722362518310547 77
1675217148917 2.688797950744629 78
1675217148964 2.686345338821411 79
1675217149027 2.652822971343994 80
1675217149098 2.6583807468414307 81
1675217149150 2.623800754547119 82
1675217149205 2.6220483779907227 83
1675217149247 2.5865538120269775 84
1675217149289 2.567863702774048 85
1675217149345 2.559978485107422 86
1675217149396 2.543654441833496 87
1675217149444 2.483668327331543 88
1675217149497 2.462855100631714 89
1675217149545 2.4736430644989014 90
1675217149592 2.444243907928467 91
1675217149633 2.4235892295837402 92
1675217149679 2.426894187927246 93
1675217149726 2.437877893447876 94
1675217149779 2.3902738094329834 95
1675217149835 2.398557662963867 96
1675217149888 2.3173115253448486 97
1675217149943 2.294743299484253 98
1675217149992 2.2992823123931885 99
