1675214906673 22.34495735168457 0
1675214906741 21.454050064086914 1
1675214906808 20.38079833984375 2
1675214906872 19.034805297851562 3
1675214906956 17.363195419311523 4
1675214907045 15.49132251739502 5
1675214907111 13.503178596496582 6
1675214907152 11.28676700592041 7
1675214907194 8.785576820373535 8
1675214907243 6.632476806640625 9
1675214907288 6.02803373336792 10
1675214907330 5.242485523223877 11
1675214907374 4.492370128631592 12
1675214907417 3.9070358276367188 13
1675214907467 3.4781696796417236 14
1675214907511 3.2364678382873535 15
1675214907552 3.0885562896728516 16
1675214907593 2.953138589859009 17
1675214907654 2.8277647495269775 18
1675214907725 2.718029499053955 19
1675214907782 2.602321147918701 20
1675214907864 2.5035152435302734 21
1675214907913 2.4150962829589844 22
1675214907956 2.3403875827789307 23
1675214908003 2.272813558578491 24
1675214908055 2.2108309268951416 25
1675214908112 2.173715114593506 26
1675214908163 2.122114658355713 27
1675214908218 2.090665102005005 28
1675214908285 2.0608227252960205 29
1675214908352 2.046776533126831 30
1675214908411 2.030721426010132 31
1675214908461 1.9886391162872314 32
1675214908718 1.9743562936782837 33
1675214908807 1.9629051685333252 34
1675214908854 1.9288777112960815 35
1675214908907 1.9359595775604248 36
1675214908969 1.923845648765564 37
1675214909032 1.8963935375213623 38
1675214909096 1.9173868894577026 39
1675214909148 1.8905342817306519 40
1675214909190 1.8762229681015015 41
1675214909256 1.8621596097946167 42
1675214909341 1.8634299039840698 43
1675214909399 1.8521511554718018 44
1675214909491 1.8566310405731201 45
1675214909542 1.8361248970031738 46
1675214909592 1.8375245332717896 47
1675214909695 1.8334695100784302 48
1675214909759 1.821594476699829 49
1675214909826 1.8379846811294556 50
1675214909971 1.8237855434417725 51
1675214910043 1.8192112445831299 52
1675214910102 1.8014044761657715 53
1675214910161 1.8093162775039673 54
1675214910289 1.7965643405914307 55
1675214910365 1.7781912088394165 56
1675214910430 1.7764322757720947 57
1675214910482 1.7687084674835205 58
1675214910535 1.780448079109192 59
1675214910600 1.7715003490447998 60
1675214910675 1.762143611907959 61
1675214910741 1.7555742263793945 62
1675214910792 1.7517660856246948 63
1675214910870 1.7847458124160767 64
1675214910945 1.7724734544754028 65
1675214911006 1.735486626625061 66
1675214911066 1.7667630910873413 67
1675214911180 1.7598621845245361 68
1675214911285 1.731398105621338 69
1675214911343 1.729138731956482 70
1675214911396 1.732565999031067 71
1675214911460 1.7108397483825684 72
1675214911561 1.735153079032898 73
1675214911638 1.710074543952942 74
1675214911705 1.7002264261245728 75
1675214911774 1.6992311477661133 76
1675214912059 1.7003659009933472 77
1675214912138 1.6963785886764526 78
1675214912204 1.6852887868881226 79
1675214912257 1.6909675598144531 80
1675214912306 1.6944303512573242 81
1675214912353 1.6987237930297852 82
1675214912402 1.6712685823440552 83
1675214912444 1.670076847076416 84
1675214912506 1.6807962656021118 85
1675214912562 1.6721664667129517 86
1675214912625 1.6749780178070068 87
1675214912677 1.6569777727127075 88
1675214912722 1.672416090965271 89
1675214912772 1.6770222187042236 90
1675214912816 1.684099555015564 91
1675214912873 1.6702433824539185 92
1675214912938 1.6723988056182861 93
1675214913006 1.6687064170837402 94
1675214913131 1.6283493041992188 95
1675214913209 1.6468796730041504 96
1675214913297 1.6642885208129883 97
1675214913349 1.6447833776474 98
1675214913410 1.6439439058303833 99
