1675211619314 22.85662078857422 0
1675211619395 21.985210418701172 1
1675211619485 21.158260345458984 2
1675211619566 20.32965660095215 3
1675211619645 19.53061866760254 4
1675211619724 18.687715530395508 5
1675211619807 17.892803192138672 6
1675211619885 17.081525802612305 7
1675211620002 16.2596378326416 8
1675211620225 15.450034141540527 9
1675211620330 14.636162757873535 10
1675211620405 13.830157279968262 11
1675211620484 13.03139877319336 12
1675211620557 12.22100830078125 13
1675211620632 11.418536186218262 14
1675211620735 10.620684623718262 15
1675211620824 9.848743438720703 16
1675211620945 9.053622245788574 17
1675211621043 8.315723419189453 18
1675211621172 7.64306640625 19
1675211621268 7.023890018463135 20
1675211621439 6.510479927062988 21
1675211621541 5.959165573120117 22
1675211621652 5.491626739501953 23
1675211621727 5.026436805725098 24
1675211621784 4.633877277374268 25
1675211621854 4.157307147979736 26
1675211621944 3.8042750358581543 27
1675211622023 3.353532075881958 28
1675211622153 3.0131404399871826 29
1675211622253 2.8468096256256104 30
1675211622344 2.782193422317505 31
1675211622442 2.6320581436157227 32
1675211622503 2.564279556274414 33
1675211622586 2.5224905014038086 34
1675211622664 2.534977436065674 35
1675211622747 2.485748052597046 36
1675211622821 2.4981467723846436 37
1675211622913 2.491574764251709 38
1675211622992 2.4874045848846436 39
1675211623063 2.5084617137908936 40
1675211623148 2.5305299758911133 41
1675211623268 2.4776504039764404 42
1675211623353 2.4711949825286865 43
1675211623443 2.476834535598755 44
1675211623551 2.4752888679504395 45
1675211623629 2.488377332687378 46
1675211623693 2.4785380363464355 47
1675211623771 2.4888641834259033 48
1675211623856 2.4849724769592285 49
1675211623928 2.4796812534332275 50
1675211624003 2.4648263454437256 51
1675211624080 2.4710593223571777 52
1675211624171 2.4758951663970947 53
1675211624250 2.4763476848602295 54
1675211624359 2.471652030944824 55
1675211624483 2.4755098819732666 56
1675211624582 2.486652135848999 57
1675211624678 2.5175065994262695 58
1675211624747 2.4920568466186523 59
1675211624828 2.4835426807403564 60
1675211624914 2.5268032550811768 61
1675211624983 2.4894039630889893 62
1675211625058 2.536261796951294 63
1675211625126 2.505714178085327 64
1675211625215 2.4619576930999756 65
1675211625306 2.480560541152954 66
1675211625400 2.4758706092834473 67
1675211625487 2.469818592071533 68
1675211625578 2.471956729888916 69
1675211625661 2.47554874420166 70
1675211625750 2.481387138366699 71
1675211625845 2.471492052078247 72
1675211625955 2.4962053298950195 73
1675211626057 2.48154878616333 74
1675211626143 2.495335102081299 75
1675211626316 2.499650478363037 76
1675211626405 2.4849977493286133 77
1675211626485 2.4844043254852295 78
1675211626589 2.502586841583252 79
1675211626676 2.508335828781128 80
1675211626773 2.499490261077881 81
1675211626878 2.4881858825683594 82
1675211626977 2.467128038406372 83
1675211627058 2.4737672805786133 84
1675211627139 2.4750990867614746 85
1675211627207 2.4728641510009766 86
1675211627288 2.473555564880371 87
1675211627384 2.507725715637207 88
1675211627518 2.472909688949585 89
1675211627593 2.4940342903137207 90
1675211627674 2.462885618209839 91
1675211627739 2.4753777980804443 92
1675211627819 2.4825894832611084 93
1675211627917 2.476701259613037 94
1675211627990 2.471320390701294 95
1675211628068 2.486225128173828 96
1675211628158 2.475259304046631 97
1675211628243 2.4685890674591064 98
1675211628315 2.465920925140381 99
