1675008944517 22.975847244262695 0
1675008944618 22.110408782958984 1
1675008944713 21.2606201171875 2
1675008944791 20.454408645629883 3
1675008944888 19.636249542236328 4
1675008944967 18.80379295349121 5
1675008945087 17.987768173217773 6
1675008945193 17.174280166625977 7
1675008945274 16.370954513549805 8
1675008945357 15.533597946166992 9
1675008945434 14.716277122497559 10
1675008945550 13.921823501586914 11
1675008945634 13.081640243530273 12
1675008945704 12.347115516662598 13
1675008945776 11.49091625213623 14
1675008945869 10.715627670288086 15
1675008945953 9.918657302856445 16
1675008946039 9.137090682983398 17
1675008946112 8.362353324890137 18
1675008946231 7.661369323730469 19
1675008946354 6.978183746337891 20
1675008946479 6.359347820281982 21
1675008946589 5.7840399742126465 22
1675008946681 5.262705326080322 23
1675008946791 4.759830951690674 24
1675008946864 4.309052467346191 25
1675008946938 3.879098653793335 26
1675008947014 3.4335274696350098 27
1675008947085 3.1182897090911865 28
1675008947160 2.854938507080078 29
1675008947257 2.733167886734009 30
1675008947352 2.640821933746338 31
1675008947436 2.568344831466675 32
1675008947522 2.522265911102295 33
1675008947623 2.5211682319641113 34
1675008947714 2.509193181991577 35
1675008947804 2.498603105545044 36
1675008947881 2.4955670833587646 37
1675008947947 2.50654673576355 38
1675008948032 2.4815218448638916 39
1675008948116 2.475672483444214 40
1675008948205 2.4796242713928223 41
1675008948282 2.5200202465057373 42
1675008948367 2.507047414779663 43
1675008948441 2.491318464279175 44
1675008948526 2.507065534591675 45
1675008948612 2.504732608795166 46
1675008948740 2.5146868228912354 47
1675008948839 2.5154716968536377 48
1675008948901 2.5253729820251465 49
1675008949021 2.4964494705200195 50
1675008949176 2.472128391265869 51
1675008949262 2.4852805137634277 52
1675008949359 2.465444564819336 53
1675008949438 2.4706380367279053 54
1675008949533 2.4926340579986572 55
1675008949675 2.4876976013183594 56
1675008949789 2.4829459190368652 57
1675008949866 2.500864267349243 58
1675008949945 2.491166591644287 59
1675008950041 2.4665541648864746 60
1675008950095 2.48007869720459 61
1675008950165 2.4756574630737305 62
1675008950242 2.491537094116211 63
1675008950333 2.474048376083374 64
1675008950392 2.4773612022399902 65
1675008950449 2.5129127502441406 66
1675008950537 2.4893007278442383 67
1675008950633 2.4855735301971436 68
1675008950710 2.475071430206299 69
1675008950777 2.4918551445007324 70
1675008950859 2.4867992401123047 71
1675008950914 2.4842092990875244 72
1675008950975 2.4800214767456055 73
1675008951050 2.4806251525878906 74
1675008951120 2.490574836730957 75
1675008951192 2.4740076065063477 76
1675008951251 2.4605712890625 77
1675008951344 2.507439613342285 78
1675008951425 2.485975742340088 79
1675008951501 2.4743940830230713 80
1675008951581 2.4735536575317383 81
1675008951656 2.4775705337524414 82
1675008951718 2.4833340644836426 83
1675008951785 2.472191572189331 84
1675008951848 2.479990243911743 85
1675008951918 2.4889183044433594 86
1675008951982 2.480015993118286 87
1675008952062 2.489835262298584 88
1675008952120 2.4838738441467285 89
1675008952179 2.531602144241333 90
1675008952260 2.5041556358337402 91
1675008952346 2.51377534866333 92
1675008952406 2.5183193683624268 93
1675008952463 2.491973400115967 94
1675008952526 2.4721767902374268 95
1675008952590 2.463130235671997 96
1675008952655 2.4857382774353027 97
1675008952733 2.482654094696045 98
1675008952801 2.472140312194824 99
