1675214096408 22.978029251098633 0
1675214096484 22.089649200439453 1
1675214096568 21.2537899017334 2
1675214096672 20.435651779174805 3
1675214096764 19.628276824951172 4
1675214096851 18.789485931396484 5
1675214096957 17.976831436157227 6
1675214097047 17.15671730041504 7
1675214097200 16.355392456054688 8
1675214097284 15.510987281799316 9
1675214097362 14.719867706298828 10
1675214097447 13.876283645629883 11
1675214097538 13.09451675415039 12
1675214097619 12.28702163696289 13
1675214097728 11.48374080657959 14
1675214097805 10.706271171569824 15
1675214097905 9.897918701171875 16
1675214097979 9.130278587341309 17
1675214098138 8.397148132324219 18
1675214098291 7.649134635925293 19
1675214098380 6.965418815612793 20
1675214098459 6.34873104095459 21
1675214098539 5.7868733406066895 22
1675214098641 5.308729648590088 23
1675214098721 4.818966388702393 24
1675214098797 4.375312328338623 25
1675214098894 3.9552814960479736 26
1675214099010 3.5126585960388184 27
1675214099101 3.1932592391967773 28
1675214099200 2.8976218700408936 29
1675214099299 2.7604868412017822 30
1675214099398 2.663031578063965 31
1675214099537 2.586648464202881 32
1675214099638 2.5400922298431396 33
1675214099712 2.5221548080444336 34
1675214099878 2.494013547897339 35
1675214099982 2.5068771839141846 36
1675214100080 2.4789302349090576 37
1675214100193 2.5000622272491455 38
1675214100303 2.490943431854248 39
1675214100402 2.487592935562134 40
1675214100500 2.50502872467041 41
1675214100586 2.489701986312866 42
1675214100691 2.4834587574005127 43
1675214100755 2.5012149810791016 44
1675214100893 2.4886982440948486 45
1675214100976 2.4848146438598633 46
1675214101115 2.4969546794891357 47
1675214101194 2.504570722579956 48
1675214101272 2.483954906463623 49
1675214101343 2.4842538833618164 50
1675214101417 2.4746737480163574 51
1675214101539 2.477255344390869 52
1675214101644 2.4973161220550537 53
1675214101733 2.476323127746582 54
1675214101821 2.469900608062744 55
1675214101902 2.4667468070983887 56
1675214101992 2.4843037128448486 57
1675214102104 2.4811813831329346 58
1675214102159 2.4700472354888916 59
1675214102233 2.4737234115600586 60
1675214102304 2.478300094604492 61
1675214102377 2.4665682315826416 62
1675214102447 2.4691083431243896 63
1675214102529 2.467029571533203 64
1675214102594 2.494162082672119 65
1675214102669 2.4759156703948975 66
1675214102735 2.4763641357421875 67
1675214102818 2.4780712127685547 68
1675214102912 2.469773054122925 69
1675214102986 2.480419635772705 70
1675214103055 2.472966194152832 71
1675214103137 2.480869770050049 72
1675214103203 2.4758379459381104 73
1675214103285 2.4828271865844727 74
1675214103385 2.4730350971221924 75
1675214103466 2.4888172149658203 76
1675214103558 2.4851222038269043 77
1675214103659 2.4841535091400146 78
1675214103739 2.48892879486084 79
1675214103846 2.4897501468658447 80
1675214103969 2.495654344558716 81
1675214104043 2.469094753265381 82
1675214104118 2.4927313327789307 83
1675214104184 2.5246832370758057 84
1675214104243 2.5028035640716553 85
1675214104309 2.511625289916992 86
1675214104376 2.462944507598877 87
1675214104460 2.5011754035949707 88
1675214104533 2.479093074798584 89
1675214104600 2.463090419769287 90
1675214104666 2.4705605506896973 91
1675214104729 2.4955549240112305 92
1675214104790 2.4804582595825195 93
1675214104849 2.478092670440674 94
1675214104909 2.471398115158081 95
1675214104976 2.477597951889038 96
1675214105036 2.4730823040008545 97
1675214105126 2.4995627403259277 98
1675214105192 2.5074875354766846 99
